1.625 1.893
1.468 -0.241
2.397 -1.032
3.536 -0.899
2.812 0.47
1.377 1.102
0.867 -0.888
-0.177 0.719
3.05 2.461
2.268 -1.92
1.529 0.004
0.197 -0.865
1.043 0.17
1.1 -0.4
0.845 0.947
0.513 -0.297
1.937 -0.079
2.346 2.568
2.549 -0.86
1.586 -0.282
2.546 -0.014
0.849 1.884
1.994 1.266
1.525 -0.092
0.838 -0.212
-0.921 0.609
-2.495 1.019
1.192 -1.364
2.05 -1.016
1.455 1.019
1.736 1.415
1.374 -0.846
0.338 1.77
1.083 0.275
1.974 0.785
2.765 0.523
1.334 0.452
1.271 1.893
0.405 0.515
0.813 1.378
0.343 1.365
0.654 1.475
2.718 0.067
-0.523 1.329
1.592 0.827
0.545 0.1
1.497 0.891
0.78 -0.315
0.348 1.782
2.449 0.579
