1.648 1.417
-0.886 -5.672
0.317 -2.306
-0.421 -4.371
-0.259 -3.918
0.604 -1.503
-1.857 -8.39
1.075 -0.186
0.182 -2.683
1.018 -0.346
1.164 0.063
1.647 1.415
0.278 -2.417
0.352 -2.207
0.104 -2.903
0.722 -1.173
0.599 -1.517
0.941 -0.561
-0.757 -5.312
-0.839 -5.541
-0.331 -4.118
-1.585 -7.628
-0.602 -4.879
-1.44 -7.222
0.095 -2.927
-0.444 -4.436
0.657 -1.355
1.09 -0.143
-0.398 -4.307
-0.034 -3.288
0.481 -1.847
0.299 -2.357
0.663 -1.337
-0.467 -4.5
-1.493 -7.37
-0.144 -3.597
0.865 -0.774
-1.113 -6.307
-0.431 -4.399
-1.114 -6.31
-0.567 -4.779
-0.223 -3.816
-0.389 -4.282
0.536 -1.694
-1.869 -8.421
-0.02 -3.248
0.338 -2.248
-0.845 -5.557
-0.262 -3.927
0.595 -1.528
