-0.172 1
0.989 1
-0.214 1
-0.123 1
0.89 1
-0.209 1
-0.177 1
-2.371 1
-0.615 1
-0.119 1
0.896 1
-0.211 1
-0.081 1
-0.463 1
-1.186 1
0.325 1
-0.206 1
0.858 1
-0.828 1
0.863 1
-0.207 1
0.197 1
-2.581 1
1.165 1
-1.117 1
1.18 1
-0.024 1
-1.241 1
1.506 1
-1.114 1
-1.465 1
-2.594 1
-0.007 1
0.064 1
0.192 1
-0.892 1
-0.869 1
-1.073 1
0.278 1
-2.178 1
1.279 1
-0.52 1
-0.394 1
-2.023 1
0.571 1
0.228 1
-2.321 1
0.01 1
-1.971 1
-2.408 1
-5.562 2
-2.985 2
-6.069 2
0.447 2
-4.272 2
-7.386 2
0.956 2
-1.796 2
1.16 2
2.075 2
-6.215 2
3.686 2
3.449 2
1.843 2
-1.673 2
-0.423 2
1.49 2
-2.45 2
-2.092 2
7.189 2
-5.045 2
-0.489 2
3.824 2
-5.506 2
-5.135 2
-4.005 2
-8.153 2
8.726 2
-6.95 2
4.158 2
-2.834 2
-7.801 2
-3.933 2
-4.095 2
0.126 2
7.554 2
3.368 2
8.786 2
-1.184 2
-2.787 2
0.207 2
1.691 2
-2.675 2
4.568 2
7.378 2
1.841 2
3.687 2
-2.077 2
1.344 2
0.405 2
