-3.462 1
-3.537 1
2.377 1
-2.121 1
-1.569 1
-0.035 1
-8.548 1
-11.847 1
-2.133 1
-5.913 1
-0.449 1
-5.96 1
2.109 1
-9.353 1
-5.663 1
7.801 1
6.515 1
1.617 1
-2.448 1
-5.676 1
-5.075 1
1.204 1
-0.324 1
5.877 1
0.19 1
-0.24 1
1.005 1
-1.045 1
5.892 1
0.375 1
-5.058 1
1.342 1
1.264 1
0.581 1
-1.914 1
-0.021 1
0.699 1
-4.599 1
-4.88 1
-0.76 1
6.707 1
0.272 1
-0.346 1
-5.815 1
12.452 1
0.999 1
3.881 1
-7.213 1
1.934 1
-1.472 1
7.834 2
-0.816 2
6.338 2
-4.699 2
0.324 2
7.505 2
-1.442 2
-5.502 2
6.425 2
3.761 2
5.516 2
4.748 2
-1.051 2
3.622 2
-4.854 2
-7.25 2
-4.838 2
1.373 2
-1.313 2
4.773 2
0.081 2
0.921 2
2.586 2
-0.009 2
-4.485 2
-4.33 2
4.655 2
7.931 2
-5.118 2
-0.444 2
0.975 2
1.744 2
-1.143 2
-10.032 2
-1.431 2
-0.389 2
-1.727 2
-1.252 2
4.862 2
-0.199 2
-1.95 2
6.723 2
1.547 2
-4.982 2
7.854 2
-5.211 2
-3.46 2
2.26 2
4.295 2
0.881 2
