2.902 1
-0.734 1
0.062 1
1.004 1
2.918 1
1.383 1
3.036 1
-0.452 1
-0.203 1
0.501 1
0.705 1
0.694 1
1.073 1
0.214 1
-0.219 1
-0.746 1
-0.21 1
0.279 1
4.142 1
-0.174 1
1.866 1
2.864 1
0.536 1
-4.458 1
0.197 1
-1.622 1
0.718 1
-0.881 1
2.569 1
-2.839 1
0.155 1
-1.184 1
-2.578 1
0.062 1
2.197 1
0.75 1
1.716 1
0.07 1
-0.108 1
2.153 1
-4.927 1
0.14 1
4.045 1
1.965 1
1.521 1
0.756 1
-1.361 1
-1.561 1
-1.329 1
-1.092 1
-0.61 2
-1.367 2
2.659 2
0.929 2
-1.416 2
-0.231 2
1.255 2
-0.355 2
-2.835 2
-2.196 2
-1.996 2
-0.399 2
-1.037 2
-4.285 2
2.478 2
-1.683 2
2.04 2
6.394 2
-0.253 2
-0.962 2
2.178 2
1.97 2
4.933 2
1.726 2
2.416 2
-1.893 2
-2.508 2
0.879 2
0.098 2
-0.867 2
-2.643 2
0.226 2
-0.823 2
2.335 2
0.153 2
-0.812 2
-0.059 2
3.256 2
-1.658 2
2.043 2
-1.058 2
-0.937 2
-4.136 2
0.425 2
-1.356 2
-2.39 2
-3.716 2
2.777 2
-1.121 2
1.507 2
